,Tesla Close Price,Tesla Volume,Nickel Close Price,Nickel Volume,Lithium Close Price,Lithium Volume,NASDAQ Close Price,NASDAQ Volume
Tesla Close Price,1.0,0.4632906097402245,0.4137534975106297,-0.3723260177506575,0.4353134406203972,0.23070423039053445,0.7217580350445949,0.666450587269222
Tesla Volume,0.4632906097402245,1.0,0.4002932972601465,-0.24684077500352625,0.2255007304499889,0.1540386852167437,0.5689392224305299,0.3691150549538531
Nickel Close Price,0.4137534975106297,0.4002932972601465,1.0,-0.05299118609941984,0.32743586219629645,0.15316704663139086,0.8337265324109869,0.3657535199708318
Nickel Volume,-0.3723260177506575,-0.24684077500352625,-0.05299118609941984,1.0,0.1437235278003548,0.1554535115665001,-0.2392269229511359,-0.36090708295789375
Lithium Close Price,0.4353134406203972,0.2255007304499889,0.32743586219629645,0.1437235278003548,1.0,0.644197736912637,0.5278597478628904,0.16574498377768845
Lithium Volume,0.23070423039053445,0.1540386852167437,0.15316704663139086,0.1554535115665001,0.644197736912637,1.0,0.27090271190222026,0.19278387748201473
NASDAQ Close Price,0.7217580350445949,0.5689392224305299,0.8337265324109869,-0.2392269229511359,0.5278597478628904,0.27090271190222026,1.0,0.5874042608773374
NASDAQ Volume,0.666450587269222,0.3691150549538531,0.3657535199708318,-0.36090708295789375,0.16574498377768845,0.19278387748201473,0.5874042608773374,1.0
